StoneMazePath,2831,2833,4712,4714
StoneMazePath,2810,2812,4697,4699
StoneMazePath,2828,2830,4712,4714
StoneMazeFountain,2774,2782,4739,4747
StoneMazePath,2798,2800,4754,4756
StoneMazeSpiderRoom,2774,2779,4733,4738
StoneMazePath,2825,2827,4712,4714
StoneMazePath,2825,2827,4715,4717
StoneMazeShootingRange,2804,2809,4697,4705
StoneMazeFountain,2816,2824,4712,4720
StoneMazePath,2828,2830,4715,4717
StoneMazePath,2777,2779,4748,4750
StoneMazePath,2774,2776,4709,4711
StoneMazePath,2801,2803,4697,4699
StoneMazeSpiderRoom,2828,2833,4718,4723
StoneMazePath,2786,2788,4697,4699
StoneMazePath,2798,2800,4751,4753
StoneMazePath,2774,2776,4712,4714
StoneMazePath,2801,2803,4751,4753
StoneMazePath,2795,2797,4751,4753
StoneMazeEndChest,2831,2833,4715,4717
StoneMazePath,2819,2821,4754,4756
StoneMazePath,2819,2821,4751,4753
StoneMazePath,2789,2791,4697,4699
StoneMazePath,2774,2776,4706,4708
StoneMazeEndChest,2801,2803,4700,4702
StoneMazePath,2777,2779,4706,4708
StoneMazePath,2792,2794,4697,4699
StoneMazePath,2774,2776,4748,4750
StoneMazePath,2798,2800,4697,4699
StoneMazePath,2777,2779,4709,4711
StoneMazePath,2801,2803,4754,4756
StoneMazePath,2822,2824,4754,4756
StoneMazePath,2816,2818,4751,4753
StoneMazePath,2795,2797,4754,4756
StoneMazeFountain,2816,2824,4721,4729
StoneMazePath,2792,2794,4754,4756
StoneMazePathBig,2807,2815,4721,4729
StoneMazePathBig,2807,2815,4748,4756
StoneMazePath,2777,2779,4712,4714
StoneMazeEndChest,2786,2788,4700,4702
StoneMazePath,2795,2797,4697,4699
StoneMazeShootingRange,2786,2791,4748,4756
StoneMazePathBig,2780,2788,4709,4717
StoneMazePathBig,2780,2788,4718,4726
StoneMazeFountain,2816,2824,4730,4738
StoneMazePath,2783,2785,4697,4699
StoneMazePath,2783,2785,4754,4756
StoneMazePath,2780,2782,4697,4699
StoneMazePath,2813,2815,4733,4735
StoneMazePath,2816,2818,4754,4756
StoneMazePath,2813,2815,4730,4732
StoneMazePathBig,2795,2803,4742,4750
StoneMazeStudy,2795,2803,4727,4741
StoneMazePath,2804,2806,4745,4747
StoneMazePath,2831,2833,4730,4732
StoneMazePathBig,2807,2815,4712,4720
StoneMazeShootingRange,2813,2821,4739,4744
StoneMazePath,2774,2776,4751,4753
StoneMazePath,2804,2806,4748,4750
StoneMazePath,2825,2827,4718,4720
StoneMazeShootingRange,2807,2812,4739,4747
StoneMazePath,2816,2818,4748,4750
StoneMazePath,2792,2794,4745,4747
StoneMazePath,2774,2776,4754,4756
StoneMazePath,2825,2827,4721,4723
StoneMazeEndChest,2831,2833,4733,4735
StoneMazePath,2810,2812,4730,4732
StoneMazeEndChest,2801,2803,4733,4735
StoneMazePath,2828,2830,4730,4732
StoneMazePath,2822,2824,4751,4753
StoneMazePath,2813,2815,4745,4747
StoneMazePath,2810,2812,4733,4735
StoneMazePath,2777,2779,4754,4756
StoneMazePath,2783,2785,4706,4708
StoneMazePath,2780,2782,4754,4756
StoneMazePath,2825,2827,4724,4726
StoneMazePath,2810,2812,4709,4711
StoneMazePath,2792,2794,4748,4750
StoneMazePath,2780,2782,4706,4708
StoneMazePath,2831,2833,4727,4729
StoneMazePath,2819,2821,4745,4747
StoneMazePath,2777,2779,4721,4723
StoneMazePath,2828,2830,4727,4729
StoneMazePath,2813,2815,4736,4738
StoneMazeEndChest,2831,2833,4724,4726
StoneMazePath,2816,2818,4745,4747
StoneMazePath,2786,2788,4706,4708
StoneMazePath,2780,2782,4703,4705
StoneMazePath,2810,2812,4736,4738
StoneMazePath,2789,2791,4745,4747
StoneMazeEndChest,2786,2788,4745,4747
StoneMazePath,2789,2791,4712,4714
StoneMazePath,2777,2779,4703,4705
StoneMazePath,2789,2791,4709,4711
StoneMazePath,2783,2785,4751,4753
StoneMazePath,2825,2827,4730,4732
StoneMazePath,2783,2785,4703,4705
StoneMazeEndChest,2780,2782,4700,4702
StoneMazePath,2810,2812,4706,4708
StoneMazePath,2789,2791,4706,4708
StoneMazePath,2813,2815,4706,4708
StoneMazeEndChest,2819,2821,4748,4750
StoneMazePathBig,2798,2806,4712,4720
StoneMazePath,2774,2776,4703,4705
StoneMazeEndChest,2807,2809,4706,4708
StoneMazePath,2828,2830,4724,4726
StoneMazePath,2801,2803,4709,4711
StoneMazePath,2804,2806,4742,4744
StoneMazePath,2825,2827,4727,4729
StoneMazePath,2813,2815,4703,4705
StoneMazePath,2789,2791,4703,4705
StoneMazePath,2813,2815,4709,4711
StoneMazePath,2813,2815,4700,4702
StoneMazePath,2786,2788,4703,4705
StoneMazePath,2774,2776,4715,4717
StoneMazeSpiderRoom,2789,2794,4715,4720
StoneMazeEndChest,2792,2794,4712,4714
StoneMazeEndChest,2807,2809,4736,4738
StoneMazePath,2780,2782,4751,4753
StoneMazePath,2816,2818,4703,4705
StoneMazePath,2810,2812,4703,4705
StoneMazeEndChest,2783,2785,4748,4750
StoneMazePath,2777,2779,4700,4702
StoneMazePath,2816,2818,4700,4702
StoneMazeEndChest,2780,2782,4748,4750
StoneMazePath,2816,2818,4706,4708
StoneMazePath,2801,2803,4721,4723
StoneMazePath,2804,2806,4721,4723
StoneMazePath,2798,2800,4721,4723
StoneMazeEndChest,2783,2785,4700,4702
StoneMazeEndChest,2804,2806,4751,4753
StoneMazePath,2792,2794,4706,4708
StoneMazePath,2777,2779,4697,4699
StoneMazePath,2795,2797,4721,4723
StoneMazePath,2774,2776,4700,4702
StoneMazePath,2816,2818,4709,4711
StoneMazePath,2792,2794,4703,4705
StoneMazePath,2822,2824,4745,4747
StoneMazePath,2795,2797,4715,4717
StoneMazePath,2804,2806,4739,4741
StoneMazePath,2822,2824,4748,4750
StoneMazePath,2810,2812,4700,4702
StoneMazePath,2795,2797,4718,4720
StoneMazeEndChest,2774,2776,4697,4699
StoneMazePath,2825,2827,4745,4747
StoneMazeEndChest,2795,2797,4724,4726
StoneMazePath,2828,2830,4745,4747
StoneMazePath,2825,2827,4748,4750
StoneMazePath,2825,2827,4751,4753
StoneMazePath,2801,2803,4724,4726
StoneMazePath,2798,2800,4724,4726
StoneMazeEndChest,2828,2830,4748,4750
StoneMazePath,2825,2827,4742,4744
StoneMazePath,2801,2803,4706,4708
StoneMazePath,2822,2824,4742,4744
StoneMazePath,2777,2779,4751,4753
StoneMazePath,2792,2794,4700,4702
StoneMazePath,2828,2830,4751,4753
StoneMazePath,2804,2806,4724,4726
StoneMazePath,2804,2806,4736,4738
StoneMazePath,2795,2797,4706,4708
StoneMazePath,2789,2791,4700,4702
StoneMazePath,2831,2833,4745,4747
StoneMazePath,2831,2833,4751,4753
StoneMazePath,2825,2827,4739,4741
StoneMazePath,2795,2797,4709,4711
StoneMazePath,2804,2806,4727,4729
StoneMazePath,2804,2806,4733,4735
StoneMazePath,2798,2800,4709,4711
StoneMazePath,2828,2830,4739,4741
StoneMazeEndChest,2831,2833,4742,4744
StoneMazePath,2831,2833,4754,4756
StoneMazePath,2804,2806,4730,4732
StoneMazeEndChest,2795,2797,4703,4705
StoneMazePath,2795,2797,4712,4714
StoneMazeEndChest,2831,2833,4739,4741
StoneMazePath,2825,2827,4736,4738
StoneMazeEndChest,2825,2827,4733,4735
StoneMazePath,2801,2803,4703,4705
StoneMazePath,2792,2794,4709,4711
StoneMazePath,2798,2800,4703,4705
StoneMazePath,2798,2800,4706,4708
StoneMazePath,2828,2830,4754,4756
StoneMazePath,2828,2830,4736,4738
StoneMazePath,2831,2833,4748,4750
StoneMazePath,2804,2806,4706,4708
StoneMazePath,2822,2824,4739,4741
StoneMazeHuge,2774,2833,4697,4756
MeteorSite,2864,2894,5024,5039
RLCraft_SmallUndergroundSkeleton,2670,2678,4858,4866
ElvenPond,2649,2679,4831,4860
